          X    Y         Z
35482 15600 1950 39.711285
35483 15700 1950 40.061279
35484 15800 1950 40.412507
35485 15900 1950 40.764966
35486 16000 1950 41.118659
35487 16100 1950 41.473583
35488 16200 1950 41.829740
35489 16300 1950 42.187130
35490 16400 1950 42.545751
35491 16500 1950 42.905606
35492 16600 1950 43.266693
35493 16700 1950 43.629012
35494 16800 1950 43.992563
35495 16900 1950 44.357347
35496 17000 1950 44.723364
35497 17100 1950 45.090613
35498 17200 1950 45.459094
35499 17300 1950 45.828808
35500 17400 1950 46.199755
35501 17500 1950 46.571933
35502 17600 1950 46.945344
35503 17700 1950 47.319988
35504 17800 1950 47.695864
35505 17900 1950 48.072973
35506 18000 1950 48.451314
35507 18100 1950 48.830887
35508 18200 1950 49.211693
35509 18300 1950 49.593731
35510 18400 1950 49.977002
35511 18500 1950 50.361505
35512 18600 1950 50.747241
35513 18700 1950 51.134209
35514 18800 1950 51.522409
35515 18900 1950 51.911842
35516 19000 1950 52.302507
35517 19100 1950 52.694405
35518 19200 1950 53.087535
35519 19300 1950 53.481898
35520 19400 1950 53.877493
35521 19500 1950 54.274321
35522 19600 1950 54.672381
35523 19700 1950 55.071673
35524 19800 1950 55.472198
35525 19900 1950 55.873955
35526 20000 1950 56.276945
35527  1000 1960  1.838098
35528  1100 1960  2.008091
35529  1200 1960  2.179309
35530  1300 1960  2.351754
35531  1400 1960  2.525425
35532  1500 1960  2.700322
35533  1600 1960  2.876445
35534  1700 1960  3.053795
35535  1800 1960  3.232370
35536  1900 1960  3.412172
35537  2000 1960  3.593200
35538  2100 1960  3.775454
35539  2200 1960  3.958934
35540  2300 1960  4.143640
35541  2400 1960  4.329572
35542  2500 1960  4.516731
35543  2600 1960  4.705116
35544  2700 1960  4.894727
35545  2800 1960  5.085564
35546  2900 1960  5.277627
35547  3000 1960  5.470916
35548  3100 1960  5.665432
35549  3200 1960  5.861173
35550  3300 1960  6.058141
35551  3400 1960  6.256335
35552  3500 1960  6.455755
35553  3600 1960  6.656401
35554  3700 1960  6.858274
35555  3800 1960  7.061372
35556  3900 1960  7.265697
35557  4000 1960  7.471248
35558  4100 1960  7.678025
35559  4200 1960  7.886028
35560  4300 1960  8.095258
35561  4400 1960  8.305713
35562  4500 1960  8.517395
35563  4600 1960  8.730303
35564  4700 1960  8.944436
35565  4800 1960  9.159797
35566  4900 1960  9.376383
35567  5000 1960  9.594195
35568  5100 1960  9.813234
35569  5200 1960 10.033498
35570  5300 1960 10.254989
35571  5400 1960 10.477706
35572  5500 1960 10.701650
35573  5600 1960 10.926819
35574  5700 1960 11.153214
35575  5800 1960 11.380836
35576  5900 1960 11.609684
35577  6000 1960 11.839758
35578  6100 1960 12.071058
35579  6200 1960 12.303584
35580  6300 1960 12.537336
35581  6400 1960 12.772315
35582  6500 1960 13.008520
35583  6600 1960 13.245950
35584  6700 1960 13.484607
35585  6800 1960 13.724491
35586  6900 1960 13.965600
35587  7000 1960 14.207935
35588  7100 1960 14.451497
35589  7200 1960 14.696285
35590  7300 1960 14.942299
35591  7400 1960 15.189539
35592  7500 1960 15.438005
35593  7600 1960 15.687697
35594  7700 1960 15.938616
35595  7800 1960 16.190760
35596  7900 1960 16.444131
35597  8000 1960 16.698728
35598  8100 1960 16.954551
35599  8200 1960 17.211601
35600  8300 1960 17.469876
35601  8400 1960 17.729378
35602  8500 1960 17.990105
35603  8600 1960 18.252059
35604  8700 1960 18.515239
35605  8800 1960 18.779646
35606  8900 1960 19.045278
35607  9000 1960 19.312137
35608  9100 1960 19.580221
35609  9200 1960 19.849532
35610  9300 1960 20.120069
35611  9400 1960 20.391832
35612  9500 1960 20.664821
35613  9600 1960 20.939037
35614  9700 1960 21.214478
35615  9800 1960 21.491146
35616  9900 1960 21.769040
35617 10000 1960 22.048160
35618 10100 1960 22.328506
35619 10200 1960 22.610079
35620 10300 1960 22.892877
35621 10400 1960 23.176902
35622 10500 1960 23.462152
35623 10600 1960 23.748629
35624 10700 1960 24.036333
35625 10800 1960 24.325262
35626 10900 1960 24.615417
35627 11000 1960 24.906799
35628 11100 1960 25.199406
35629 11200 1960 25.493240
35630 11300 1960 25.788300
35631 11400 1960 26.084587
35632 11500 1960 26.382099
35633 11600 1960 26.680837
35634 11700 1960 26.980802
35635 11800 1960 27.281993
35636 11900 1960 27.584410
35637 12000 1960 27.888053
35638 12100 1960 28.192922
35639 12200 1960 28.499017
35640 12300 1960 28.806339
35641 12400 1960 29.114887
35642 12500 1960 29.424661
35643 12600 1960 29.735661
35644 12700 1960 30.047887
35645 12800 1960 30.361339
35646 12900 1960 30.676017
35647 13000 1960 30.991922
35648 13100 1960 31.309053
35649 13200 1960 31.627410
35650 13300 1960 31.946993
35651 13400 1960 32.267802
35652 13500 1960 32.589837
35653 13600 1960 32.913099
35654 13700 1960 33.237587
35655 13800 1960 33.563301
35656 13900 1960 33.890241
35657 14000 1960 34.218407
35658 14100 1960 34.547799
35659 14200 1960 34.878417
35660 14300 1960 35.210262
35661 14400 1960 35.543333
35662 14500 1960 35.877630
35663 14600 1960 36.213153
35664 14700 1960 36.549902
35665 14800 1960 36.887877
35666 14900 1960 37.227079
35667 15000 1960 37.567507
35668 15100 1960 37.909160
35669 15200 1960 38.252040
35670 15300 1960 38.596146
35671 15400 1960 38.941479
35672 15500 1960 39.288037
35673 15600 1960 39.635822
35674 15700 1960 39.984832
35675 15800 1960 40.335069
35676 15900 1960 40.686532
35677 16000 1960 41.039222
35678 16100 1960 41.393137
35679 16200 1960 41.748278
35680 16300 1960 42.104646
35681 16400 1960 42.462240
35682 16500 1960 42.821060
35683 16600 1960 43.181106
35684 16700 1960 43.542378
35685 16800 1960 43.904877
35686 16900 1960 44.268601
35687 17000 1960 44.633552
35688 17100 1960 44.999729
35689 17200 1960 45.367132
35690 17300 1960 45.735761
35691 17400 1960 46.105616
35692 17500 1960 46.476698
35693 17600 1960 46.849006
35694 17700 1960 47.222539
35695 17800 1960 47.597299
35696 17900 1960 47.973285
35697 18000 1960 48.350498
35698 18100 1960 48.728936
35699 18200 1960 49.108601
35700 18300 1960 49.489491
35701 18400 1960 49.871608
35702 18500 1960 50.254951
35703 18600 1960 50.639520
35704 18700 1960 51.025316
35705 18800 1960 51.412337
35706 18900 1960 51.800585
35707 19000 1960 52.190059
35708 19100 1960 52.580759
35709 19200 1960 52.972685
35710 19300 1960 53.365837
35711 19400 1960 53.760215
35712 19500 1960 54.155820
35713 19600 1960 54.552650
35714 19700 1960 54.950707
35715 19800 1960 55.349990
35716 19900 1960 55.750499
35717 20000 1960 56.152235
35718  1000 1970  1.838836
35719  1100 1970  2.008763
35720  1200 1970  2.179910
35721  1300 1970  2.352277
35722  1400 1970  2.525864
35723  1500 1970  2.700671
35724  1600 1970  2.876698
35725  1700 1970  3.053944
35726  1800 1970  3.232411
35727  1900 1970  3.412097
35728  2000 1970  3.593004
35729  2100 1970  3.775130
35730  2200 1970  3.958476
35731  2300 1970  4.143043
35732  2400 1970  4.328829
35733  2500 1970  4.515835
35734  2600 1970  4.704061
35735  2700 1970  4.893507
35736  2800 1970  5.084173
35737  2900 1970  5.276059
35738  3000 1970  5.469164
35739  3100 1970  5.663490
35740  3200 1970  5.859036
35741  3300 1970  6.055801
35742  3400 1970  6.253787
35743  3500 1970  6.452992
35744  3600 1970  6.653417
35745  3700 1970  6.855063
35746  3800 1970  7.057928
35747  3900 1970  7.262013
35748  4000 1970  7.467318
35749  4100 1970  7.673843
35750  4200 1970  7.881588
35751  4300 1970  8.090552
35752  4400 1970  8.300737
35753  4500 1970  8.512142
35754  4600 1970  8.724766
35755  4700 1970  8.938611
35756  4800 1970  9.153675
35757  4900 1970  9.369960
35758  5000 1970  9.587464
35759  5100 1970  9.806188
35760  5200 1970 10.026133
35761  5300 1970 10.247297
35762  5400 1970 10.469681
35763  5500 1970 10.693285
35764  5600 1970 10.918108
35765  5700 1970 11.144152
35766  5800 1970 11.371416
35767  5900 1970 11.599900
35768  6000 1970 11.829603
35769  6100 1970 12.060527
35770  6200 1970 12.292670
35771  6300 1970 12.526034
35772  6400 1970 12.760617
35773  6500 1970 12.996420
35774  6600 1970 13.233443
35775  6700 1970 13.471686
35776  6800 1970 13.711149
35777  6900 1970 13.951832
35778  7000 1970 14.193735
35779  7100 1970 14.436858
35780  7200 1970 14.681201
35781  7300 1970 14.926763
35782  7400 1970 15.173546
35783  7500 1970 15.421549
35784  7600 1970 15.670771
35785  7700 1970 15.921213
35786  7800 1970 16.172876
35787  7900 1970 16.425758
35788  8000 1970 16.679860
35789  8100 1970 16.935182
35790  8200 1970 17.191724
35791  8300 1970 17.449486
35792  8400 1970 17.708468
35793  8500 1970 17.968670
35794  8600 1970 18.230092
35795  8700 1970 18.492733
35796  8800 1970 18.756595
35797  8900 1970 19.021676
35798  9000 1970 19.287978
35799  9100 1970 19.555499
35800  9200 1970 19.824241
35801  9300 1970 20.094202
35802  9400 1970 20.365383
35803  9500 1970 20.637784
35804  9600 1970 20.911405
35805  9700 1970 21.186246
35806  9800 1970 21.462307
35807  9900 1970 21.739588
35808 10000 1970 22.018088
35809 10100 1970 22.297809
35810 10200 1970 22.578750
35811 10300 1970 22.860910
35812 10400 1970 23.144291
35813 10500 1970 23.428891
35814 10600 1970 23.714711
35815 10700 1970 24.001752
35816 10800 1970 24.290012
35817 10900 1970 24.579492
35818 11000 1970 24.870192
35819 11100 1970 25.162112
35820 11200 1970 25.455252
35821 11300 1970 25.749611
35822 11400 1970 26.045191
35823 11500 1970 26.341991
35824 11600 1970 26.640010
35825 11700 1970 26.939250
35826 11800 1970 27.239709
35827 11900 1970 27.541389
35828 12000 1970 27.844288
35829 12100 1970 28.148407
35830 12200 1970 28.453747
35831 12300 1970 28.760306
35832 12400 1970 29.068085
35833 12500 1970 29.377084
35834 12600 1970 29.687302
35835 12700 1970 29.998741
35836 12800 1970 30.311400
35837 12900 1970 30.625279
35838 13000 1970 30.940377
35839 13100 1970 31.256696
35840 13200 1970 31.574234
35841 13300 1970 31.892993
35842 13400 1970 32.212971
35843 13500 1970 32.534169
35844 13600 1970 32.856587
35845 13700 1970 33.180225
35846 13800 1970 33.505083
35847 13900 1970 33.831161
35848 14000 1970 34.158459
35849 14100 1970 34.486977
35850 14200 1970 34.816715
35851 14300 1970 35.147672
35852 14400 1970 35.479850
35853 14500 1970 35.813248
35854 14600 1970 36.147865
35855 14700 1970 36.483702
35856 14800 1970 36.820760
35857 14900 1970 37.159037
35858 15000 1970 37.498534
35859 15100 1970 37.839251
35860 15200 1970 38.181188
35861 15300 1970 38.524345
35862 15400 1970 38.868722
35863 15500 1970 39.214319
35864 15600 1970 39.561136
35865 15700 1970 39.909172
35866 15800 1970 40.258429
35867 15900 1970 40.608905
35868 16000 1970 40.960602
35869 16100 1970 41.313518
35870 16200 1970 41.667655
35871 16300 1970 42.023011
35872 16400 1970 42.379587
35873 16500 1970 42.737383
35874 16600 1970 43.096399
35875 16700 1970 43.456635
35876 16800 1970 43.818091
35877 16900 1970 44.180767
35878 17000 1970 44.544662
35879 17100 1970 44.909778
35880 17200 1970 45.276114
35881 17300 1970 45.643669
35882 17400 1970 46.012445
35883 17500 1970 46.382440
35884 17600 1970 46.753655
35885 17700 1970 47.126091
35886 17800 1970 47.499746
35887 17900 1970 47.874621
35888 18000 1970 48.250716
35889 18100 1970 48.628031
35890 18200 1970 49.006566
35891 18300 1970 49.386321
35892 18400 1970 49.767295
35893 18500 1970 50.149490
35894 18600 1970 50.532904
35895 18700 1970 50.917539
35896 18800 1970 51.303393
35897 18900 1970 51.690468
35898 19000 1970 52.078762
35899 19100 1970 52.468276
35900 19200 1970 52.859011
35901 19300 1970 53.250965
35902 19400 1970 53.644139
35903 19500 1970 54.038533
35904 19600 1970 54.434146
35905 19700 1970 54.830980
35906 19800 1970 55.229034
35907 19900 1970 55.628308
35908 20000 1970 56.028801
35909  1000 1980  1.839577
35910  1100 1980  2.009439
35911  1200 1980  2.180516
35912  1300 1980  2.352806
35913  1400 1980  2.526309
35914  1500 1980  2.701027
35915  1600 1980  2.876958
35916  1700 1980  3.054103
35917  1800 1980  3.232462
35918  1900 1980  3.412034
35919  2000 1980  3.592821
35920  2100 1980  3.774821
35921  2200 1980  3.958035
35922  2300 1980  4.142462
35923  2400 1980  4.328103
35924  2500 1980  4.514959
35925  2600 1980  4.703028
35926  2700 1980  4.892310
35927  2800 1980  5.082807
35928  2900 1980  5.274517
35929  3000 1980  5.467441
35930  3100 1980  5.661579
35931  3200 1980  5.856930
35932  3300 1980  6.053495
35933  3400 1980  6.251274
35934  3500 1980  6.450267
35935  3600 1980  6.650474
35936  3700 1980  6.851894
35937  3800 1980  7.054528
35938  3900 1980  7.258376
35939  4000 1980  7.463438
35940  4100 1980  7.669713
35941  4200 1980  7.877202
35942  4300 1980  8.085905
35943  4400 1980  8.295822
35944  4500 1980  8.506953
35945  4600 1980  8.719297
35946  4700 1980  8.932855
35947  4800 1980  9.147627
35948  4900 1980  9.363612
35949  5000 1980  9.580812
35950  5100 1980  9.799225
35951  5200 1980 10.018852
35952  5300 1980 10.239692
35953  5400 1980 10.461747
35954  5500 1980 10.685015
35955  5600 1980 10.909497
35956  5700 1980 11.135192
35957  5800 1980 11.362102
35958  5900 1980 11.590225
35959  6000 1980 11.819562
35960  6100 1980 12.050113
35961  6200 1980 12.281877
35962  6300 1980 12.514856
35963  6400 1980 12.749048
35964  6500 1980 12.984454
35965  6600 1980 13.221073
35966  6700 1980 13.458907
35967  6800 1980 13.697954
35968  6900 1980 13.938215
35969  7000 1980 14.179689
35970  7100 1980 14.422378
35971  7200 1980 14.666280
35972  7300 1980 14.911396
35973  7400 1980 15.157726
35974  7500 1980 15.405269
35975  7600 1980 15.654026
35976  7700 1980 15.903997
35977  7800 1980 16.155182
35978  7900 1980 16.407581
35979  8000 1980 16.661193
35980  8100 1980 16.916019
35981  8200 1980 17.172059
35982  8300 1980 17.429313
35983  8400 1980 17.687780
35984  8500 1980 17.947461
35985  8600 1980 18.208356
35986  8700 1980 18.470465
35987  8800 1980 18.733788
35988  8900 1980 18.998324
35989  9000 1980 19.264074
35990  9100 1980 19.531038
35991  9200 1980 19.799215
35992  9300 1980 20.068606
35993  9400 1980 20.339212
35994  9500 1980 20.611030
35995  9600 1980 20.884063
35996  9700 1980 21.158309
35997  9800 1980 21.433770
35998  9900 1980 21.710443
35999 10000 1980 21.988331
36000 10100 1980 22.267433
36001 10200 1980 22.547748
36002 10300 1980 22.829277
36003 10400 1980 23.112020
36004 10500 1980 23.395976
36005 10600 1980 23.681146
36006 10700 1980 23.967531
36007 10800 1980 24.255128
36008 10900 1980 24.543940
36009 11000 1980 24.833965
36010 11100 1980 25.125204
36011 11200 1980 25.417657
36012 11300 1980 25.711324
36013 11400 1980 26.006204
36014 11500 1980 26.302299
36015 11600 1980 26.599607
36016 11700 1980 26.898128
36017 11800 1980 27.197864
36018 11900 1980 27.498813
36019 12000 1980 27.800976
36020 12100 1980 28.104353
36021 12200 1980 28.408944
36022 12300 1980 28.714748
36023 12400 1980 29.021766
36024 12500 1980 29.329998
36025 12600 1980 29.639443
36026 12700 1980 29.950103
36027 12800 1980 30.261976
36028 12900 1980 30.575063
36029 13000 1980 30.889364
36030 13100 1980 31.204878
36031 13200 1980 31.521606
36032 13300 1980 31.839548
36033 13400 1980 32.158704
36034 13500 1980 32.479074
36035 13600 1980 32.800657
36036 13700 1980 33.123454
36037 13800 1980 33.447465
36038 13900 1980 33.772690
36039 14000 1980 34.099128
36040 14100 1980 34.426780
36041 14200 1980 34.755646
36042 14300 1980 35.085726
36043 14400 1980 35.417019
36044 14500 1980 35.749526
36045 14600 1980 36.083247
36046 14700 1980 36.418182
36047 14800 1980 36.754331
36048 14900 1980 37.091693
36049 15000 1980 37.430269
36050 15100 1980 37.770059
36051 15200 1980 38.111062
36052 15300 1980 38.453280
36053 15400 1980 38.796711
36054 15500 1980 39.141356
36055 15600 1980 39.487215
36056 15700 1980 39.834287
36057 15800 1980 40.182573
36058 15900 1980 40.532073
36059 16000 1980 40.882787
36060 16100 1980 41.234714
36061 16200 1980 41.587856
36062 16300 1980 41.942211
36063 16400 1980 42.297779
36064 16500 1980 42.654562
36065 16600 1980 43.012558
36066 16700 1980 43.371768
36067 16800 1980 43.732192
36068 16900 1980 44.093830
36069 17000 1980 44.456681
36070 17100 1980 44.820747
36071 17200 1980 45.186025
36072 17300 1980 45.552518
36073 17400 1980 45.920225
36074 17500 1980 46.289145
36075 17600 1980 46.659279
36076 17700 1980 47.030627
36077 17800 1980 47.403188
36078 17900 1980 47.776963
36079 18000 1980 48.151953
36080 18100 1980 48.528155
36081 18200 1980 48.905572
36082 18300 1980 49.284202
36083 18400 1980 49.664047
36084 18500 1980 50.045104
36085 18600 1980 50.427376
36086 18700 1980 50.810862
36087 18800 1980 51.195561
36088 18900 1980 51.581474
36089 19000 1980 51.968601
36090 19100 1980 52.356941
36091 19200 1980 52.746495
36092 19300 1980 53.137263
36093 19400 1980 53.529245
36094 19500 1980 53.922441
36095 19600 1980 54.316850
36096 19700 1980 54.712473
36097 19800 1980 55.109310
36098 19900 1980 55.507361
36099 20000 1980 55.906625
36100  1000 1990  1.840321
36101  1100 1990  2.010120
36102  1200 1990  2.181126
36103  1300 1990  2.353339
36104  1400 1990  2.526761
36105  1500 1990  2.701390
36106  1600 1990  2.877226
36107  1700 1990  3.054271
36108  1800 1990  3.232523
36109  1900 1990  3.411982
36110  2000 1990  3.592650
36111  2100 1990  3.774525
36112  2200 1990  3.957608
36113  2300 1990  4.141898
36114  2400 1990  4.327396
36115  2500 1990  4.514102
36116  2600 1990  4.702015
36117  2700 1990  4.891136
36118  2800 1990  5.081465
36119  2900 1990  5.273001
36120  3000 1990  5.465745
36121  3100 1990  5.659697
36122  3200 1990  5.854856
36123  3300 1990  6.051223
36124  3400 1990  6.248798
36125  3500 1990  6.447580
36126  3600 1990  6.647571
36127  3700 1990  6.848768
36128  3800 1990  7.051174
36129  3900 1990  7.254787
36130  4000 1990  7.459607
36131  4100 1990  7.665636
36132  4200 1990  7.872872
36133  4300 1990  8.081316
36134  4400 1990  8.290967
36135  4500 1990  8.501826
36136  4600 1990  8.713893
36137  4700 1990  8.927167
36138  4800 1990  9.141649
36139  4900 1990  9.357339
36140  5000 1990  9.574236
36141  5100 1990  9.792342
36142  5200 1990 10.011654
36143  5300 1990 10.232175
36144  5400 1990 10.453903
36145  5500 1990 10.676839
36146  5600 1990 10.900982
36147  5700 1990 11.126333
36148  5800 1990 11.352892
36149  5900 1990 11.580658
36150  6000 1990 11.809632
36151  6100 1990 12.039814
36152  6200 1990 12.271203
36153  6300 1990 12.503801
36154  6400 1990 12.737605
36155  6500 1990 12.972618
36156  6600 1990 13.208838
36157  6700 1990 13.446266
36158  6800 1990 13.684901
36159  6900 1990 13.924744
36160  7000 1990 14.165795
36161  7100 1990 14.408053
36162  7200 1990 14.651519
36163  7300 1990 14.896193
36164  7400 1990 15.142075
36165  7500 1990 15.389164
36166  7600 1990 15.637461
36167  7700 1990 15.886965
36168  7800 1990 16.137677
36169  7900 1990 16.389597
36170  8000 1990 16.642724
36171  8100 1990 16.897059
36172  8200 1990 17.152602
36173  8300 1990 17.409353
36174  8400 1990 17.667311
36175  8500 1990 17.926477
36176  8600 1990 18.186850
36177  8700 1990 18.448431
36178  8800 1990 18.711220
36179  8900 1990 18.975216
36180  9000 1990 19.240421
36181  9100 1990 19.506832
36182  9200 1990 19.774452
36183  9300 1990 20.043279
36184  9400 1990 20.313314
36185  9500 1990 20.584556
36186  9600 1990 20.857006
36187  9700 1990 21.130664
36188  9800 1990 21.405530
36189  9900 1990 21.681603
36190 10000 1990 21.958884
36191 10100 1990 22.237372
36192 10200 1990 22.517068
36193 10300 1990 22.797972
36194 10400 1990 23.080083
36195 10500 1990 23.363403
36196 10600 1990 23.647929
36197 10700 1990 23.933664
36198 10800 1990 24.220606
36199 10900 1990 24.508756
36200 11000 1990 24.798113
36201 11100 1990 25.088679
36202 11200 1990 25.380451
36203 11300 1990 25.673432
36204 11400 1990 25.967620
36205 11500 1990 26.263016
36206 11600 1990 26.559619
36207 11700 1990 26.857430
36208 11800 1990 27.156449
36209 11900 1990 27.456676
36210 12000 1990 27.758110
36211 12100 1990 28.060752
36212 12200 1990 28.364601
36213 12300 1990 28.669658
36214 12400 1990 28.975923
36215 12500 1990 29.283396
36216 12600 1990 29.592076
36217 12700 1990 29.901964
36218 12800 1990 30.213059
36219 12900 1990 30.525363
36220 13000 1990 30.838873
36221 13100 1990 31.153592
36222 13200 1990 31.469518
36223 13300 1990 31.786652
36224 13400 1990 32.104993
36225 13500 1990 32.424543
36226 13600 1990 32.745300
36227 13700 1990 33.067264
36228 13800 1990 33.390436
36229 13900 1990 33.714816
36230 14000 1990 34.040404
36231 14100 1990 34.367199
36232 14200 1990 34.695202
36233 14300 1990 35.024412
36234 14400 1990 35.354830
36235 14500 1990 35.686456
36236 14600 1990 36.019290
36237 14700 1990 36.353331
36238 14800 1990 36.688580
36239 14900 1990 37.025036
36240 15000 1990 37.362701
36241 15100 1990 37.701572
36242 15200 1990 38.041652
36243 15300 1990 38.382939
36244 15400 1990 38.725434
36245 15500 1990 39.069137
36246 15600 1990 39.414047
36247 15700 1990 39.760165
36248 15800 1990 40.107490
36249 15900 1990 40.456024
36250 16000 1990 40.805764
36251 16100 1990 41.156713
36252 16200 1990 41.508869
36253 16300 1990 41.862233
36254 16400 1990 42.216805
36255 16500 1990 42.572584
36256 16600 1990 42.929571
36257 16700 1990 43.287765
36258 16800 1990 43.647168
36259 16900 1990 44.007777
36260 17000 1990 44.369595
36261 17100 1990 44.732620
36262 17200 1990 45.096853
36263 17300 1990 45.462294
36264 17400 1990 45.828942
36265 17500 1990 46.196798
36266 17600 1990 46.565861
36267 17700 1990 46.936133
36268 17800 1990 47.307612
36269 17900 1990 47.680298
36270 18000 1990 48.054192
36271 18100 1990 48.429294
36272 18200 1990 48.805604
36273 18300 1990 49.183121
36274 18400 1990 49.561846
36275 18500 1990 49.941779
36276 18600 1990 50.322919
36277 18700 1990 50.705267
36278 18800 1990 51.088822
36279 18900 1990 51.473586
36280 19000 1990 51.859557
36281 19100 1990 52.246735
36282 19200 1990 52.635121
36283 19300 1990 53.024715
36284 19400 1990 53.415517
36285 19500 1990 53.807526
36286 19600 1990 54.200743
36287 19700 1990 54.595168
36288 19800 1990 54.990800
36289 19900 1990 55.387640
36290 20000 1990 55.785688
36291  1000 2000  1.841068
36292  1100 2000  2.010803
36293  1200 2000  2.181740
36294  1300 2000  2.353878
36295  1400 2000  2.527218
36296  1500 2000  2.701759
36297  1600 2000  2.877502
36298  1700 2000  3.054447
36299  1800 2000  3.232594
36300  1900 2000  3.411942
36301  2000 2000  3.592491
36302  2100 2000  3.774242
36303  2200 2000  3.957195
36304  2300 2000  4.141350
36305  2400 2000  4.326706
36306  2500 2000  4.513264
36307  2600 2000  4.701023
36308  2700 2000  4.889984
36309  2800 2000  5.080147
36310  2900 2000  5.271511
36311  3000 2000  5.464077
36312  3100 2000  5.657845
36313  3200 2000  5.852814
36314  3300 2000  6.048985
36315  3400 2000  6.246357
36316  3500 2000  6.444931
36317  3600 2000  6.644707
36318  3700 2000  6.845684
36319  3800 2000  7.047863
36320  3900 2000  7.251244
36321  4000 2000  7.455826
36322  4100 2000  7.661610
36323  4200 2000  7.868595
36324  4300 2000  8.076782
36325  4400 2000  8.286171
36326  4500 2000  8.496761
36327  4600 2000  8.708553
36328  4700 2000  8.921547
36329  4800 2000  9.135742
36330  4900 2000  9.351139
36331  5000 2000  9.567738
36332  5100 2000  9.785538
36333  5200 2000 10.004539
36334  5300 2000 10.224743
36335  5400 2000 10.446148
36336  5500 2000 10.668755
36337  5600 2000 10.892563
36338  5700 2000 11.117573
36339  5800 2000 11.343784
36340  5900 2000 11.571198
36341  6000 2000 11.799812
36342  6100 2000 12.029629
36343  6200 2000 12.260647
36344  6300 2000 12.492867
36345  6400 2000 12.726288
36346  6500 2000 12.960911
36347  6600 2000 13.196735
36348  6700 2000 13.433762
36349  6800 2000 13.671989
36350  6900 2000 13.911419
36351  7000 2000 14.152050
36352  7100 2000 14.393883
36353  7200 2000 14.636917
36354  7300 2000 14.881153
36355  7400 2000 15.126591
36356  7500 2000 15.373230
36357  7600 2000 15.621071
36358  7700 2000 15.870113
36359  7800 2000 16.120358
36360  7900 2000 16.371803
36361  8000 2000 16.624451
36362  8100 2000 16.878300
36363  8200 2000 17.133350
36364  8300 2000 17.389603
36365  8400 2000 17.647057
36366  8500 2000 17.905712
36367  8600 2000 18.165569
36368  8700 2000 18.426628
36369  8800 2000 18.688889
36370  8900 2000 18.952351
36371  9000 2000 19.217014
36372  9100 2000 19.482880
36373  9200 2000 19.749947
36374  9300 2000 20.018215
36375  9400 2000 20.287685
36376  9500 2000 20.558357
36377  9600 2000 20.830231
36378  9700 2000 21.103306
36379  9800 2000 21.377583
36380  9900 2000 21.653061
36381 10000 2000 21.929741
36382 10100 2000 22.207623
36383 10200 2000 22.486706
36384 10300 2000 22.766991
36385 10400 2000 23.048477
36386 10500 2000 23.331165
36387 10600 2000 23.615055
36388 10700 2000 23.900146
36389 10800 2000 24.186440
36390 10900 2000 24.473934
36391 11000 2000 24.762630
36392 11100 2000 25.052528
36393 11200 2000 25.343628
36394 11300 2000 25.635929
36395 11400 2000 25.929432
36396 11500 2000 26.224136
36397 11600 2000 26.520042
36398 11700 2000 26.817150
36399 11800 2000 27.115459
36400 11900 2000 27.414970
36401 12000 2000 27.715683
36402 12100 2000 28.017597
36403 12200 2000 28.320713
36404 12300 2000 28.625031
36405 12400 2000 28.930550
36406 12500 2000 29.237270
36407 12600 2000 29.545193
36408 12700 2000 29.854317
36409 12800 2000 30.164642
36410 12900 2000 30.476170
36411 13000 2000 30.788898
36412 13100 2000 31.102829
36413 13200 2000 31.417961
36414 13300 2000 31.734295
36415 13400 2000 32.051830
36416 13500 2000 32.370567
36417 13600 2000 32.690506
36418 13700 2000 33.011646
36419 13800 2000 33.333988
36420 13900 2000 33.657532
36421 14000 2000 33.982277
36422 14100 2000 34.308224
36423 14200 2000 34.635372
36424 14300 2000 34.963722
36425 14400 2000 35.293274
36426 14500 2000 35.624027
36427 14600 2000 35.955982
36428 14700 2000 36.289139
36429 14800 2000 36.623497
36430 14900 2000 36.959057
36431 15000 2000 37.295818
36432 15100 2000 37.633781
36433 15200 2000 37.972946
36434 15300 2000 38.313313
36435 15400 2000 38.654881
36436 15500 2000 38.997650
36437 15600 2000 39.341621
36438 15700 2000 39.686794
36439 15800 2000 40.033169
36440 15900 2000 40.380745
36441 16000 2000 40.729523
36442 16100 2000 41.079502
36443 16200 2000 41.430683
36444 16300 2000 41.783066
36445 16400 2000 42.136650
36446 16500 2000 42.491436
36447 16600 2000 42.847424
36448 16700 2000 43.204613
36449 16800 2000 43.563004
36450 16900 2000 43.922596
36451 17000 2000 44.283390
36452 17100 2000 44.645386
36453 17200 2000 45.008583
36454 17300 2000 45.372982
36455 17400 2000 45.738583
36456 17500 2000 46.105385
36457 17600 2000 46.473389
36458 17700 2000 46.842594
36459 17800 2000 47.213001
36460 17900 2000 47.584610
36461 18000 2000 47.957420
36462 18100 2000 48.331432
36463 18200 2000 48.706646
36464 18300 2000 49.083061
36465 18400 2000 49.460678
36466 18500 2000 49.839497
36467 18600 2000 50.219517
36468 18700 2000 50.600739
36469 18800 2000 50.983162
36470 18900 2000 51.366787
36471 19000 2000 51.751614
36472 19100 2000 52.137642
36473 19200 2000 52.524872
36474 19300 2000 52.913303
36475 19400 2000 53.302937
36476 19500 2000 53.693771
36477 19600 2000 54.085808
36478 19700 2000 54.479046
36479 19800 2000 54.873486
36480 19900 2000 55.269127
36481 20000 2000 55.665970
          X    Y        Z
36476 19500 2000 7.607639
36477 19600 2000 7.646878
36478 19700 2000 7.686118
36479 19800 2000 7.725361
36480 19900 2000 7.764606
36481 20000 2000 7.803853
          X    Y        Z
36476 19500 2000 383.1456
36477 19600 2000 385.1162
36478 19700 2000 387.0869
36479 19800 2000 389.0576
36480 19900 2000 391.0284
36481 20000 2000 392.9992
          X    Y        Z
36476 19500 2000 3.316621
36477 19600 2000 3.333685
36478 19700 2000 3.350750
36479 19800 2000 3.367816
36480 19900 2000 3.384882
36481 20000 2000 3.401949
